제품명
마살라버거
치즈베이컨버거
팁치즈버거
싸이버거
불싸이버거
화이트갈릭버거
리샐버거
휠렛버거
햄치즈휠렛버거
할라피뇨통살버거

할라피뇨통가슴살버거

스파이시디럭스불고기버

거

디럭스불고기버거

스파이시불고기버거

불고기버거

통새우버거

치킨커틀렛버거

1회제공량
(8)

230
250
220
200
225
247
220
210
245
200
210
217
220
167
155
165
150

210

칼로리(081) 나트륨(018) “6 당류(8) 포화지방(8) “0 단백질(8) % 세트중량 시터

416

479

409

506

481

572

406

389

478

385

321

480

482

310

322

370

301

469

568

870

737

667

792

911

690

570

788

590

502

1076

1030

648

542

535

559

804

2906

4406

3700

3300

4006

4600

3500

29060

3900

3000

2806

5406

52006

32006

2706

2706

28006

4006

11

2

1300

3300

3300

4000

2700

4706

3300

2006

4000

2706

1300

5300

5300

2000

2700

2006

1306

2706

25

32

28

23

24

38

32

25

31

21

26

25

25

15

13

11

14

30

4506

5800

5100

4200

4400

6906

58006

4506

5600

3806

4706

4506

4506

2706

2406

2006

2500

5500

630

650

620

600

625

647

620

610

645

600

610

617

620

567

5202

505

500

610

칼로

6800
929
859
9506
931
1022
850
839
928
835
771
930
932
760
772
820
751

919
